1
1.00152
1.00603
1.01344
1.02368
1.03662
1.05195
1.06908
1.0869
1.10344
1.1155
1.1189
1.11083
1.09419
1.07715
1.06494
1.05609
1.04762
1.0389
1.03156
1.02956
1.03704
1.05366
1.07567
1.09963
1.12272
1.02001
1.0381
1.05309
1.06278
1.06509
1.06052
1.0521
1.04364
1.03963
1.04426
1.05731
1.07448
1.09266
1.11002
1.12302
1.12795
1.12464
1.1171
1.11078
1.10921
1.11323
1.12138
1.13006
1.13503
1.13451
0.997695
0.997145
0.997703
0.998432
0.999938
1.00248
1.00517
1.00681
1.00693
1.00725
1.01203
1.02405
1.03882
1.04895
1.05261
1.05279
1.05167
1.04883
1.04418
1.0395
1.03623
1.0332
1.02887
1.02465
1.02332
1.00411
1.014
1.02473
1.03105
1.03156
1.02733
1.02002
1.01015
0.997402
0.984903
0.979389
0.981483
0.986595
0.993138
1.00119
1.00883
1.01218
1.00958
1.0048
1.00448
1.01121
1.01957
1.02236
1.02231
1.02667
1.00571
1.00974
1.01328
1.01581
1.01687
1.01941
1.02659
1.03584
1.04092
1.03847
1.02999
1.01949
1.01049
1.00506
1.00368
1.00526
1.00876
1.01339
1.01705
1.01707
1.01187
1.00177
0.990218
0.98248
0.98027
1.00028
1.00115
1.00531
1.01639
1.03172
1.04528
1.05386
1.05625
1.05245
1.04407
1.03387
1.026
1.02467
1.02964
1.03589
1.03855
1.03655
1.03231
1.02872
1.02712
1.02709
1.02639
1.02366
1.02156
1.02443
1.00827
1.0185
1.02783
1.03555
1.04126
1.04445
1.04507
1.04258
1.0354
1.02344
1.00948
0.996201
0.982723
0.968564
0.960068
0.964451
0.979974
0.998762
1.01525
1.02795
1.03714
1.04326
1.04663
1.04795
1.04939
1.00406
1.00991
1.01367
1.01248
1.00643
0.997461
0.986225
0.97233
0.95796
0.94793
0.945427
0.949165
0.956524
0.966677
0.977625
0.986816
0.995997
1.00645
1.01441
1.01654
1.01438
1.01205
1.01164
1.01206
1.01256
1.00188
1.00557
1.00915
1.00985
1.00567
0.997056
0.987723
0.981485
0.978579
0.976491
0.973614
0.971882
0.973496
0.977029
0.979351
0.977742
0.973144
0.970216
0.972105
0.979076
0.989978
1.00073
1.00502
0.998684
0.982592
0.980533
0.966491
0.961286
0.962267
0.966305
0.971969
0.978727
0.986531
0.995271
1.00438
1.01219
1.01592
1.0138
1.0068
0.998082
0.991351
0.988674
0.988444
0.986213
0.980343
0.974684
0.973652
0.977757
0.984097
0.989419
1.00316
1.0049
1.00618
1.00546
0.999993
0.989802
0.97853
0.970062
0.963496
0.955977
0.949656
0.949601
0.957737
0.971442
0.985985
0.996876
1.00153
1.0013
1.00057
1.00232
1.00511
1.00481
0.999254
0.990562
0.98282
0.995678
0.995091
0.997896
1.00406
1.01169
1.01727
1.01847
1.01521
1.00981
1.00579
1.00435
1.00304
1.00052
0.998784
0.999592
1.00259
1.00644
1.00965
1.00975
1.00511
1.00405
1.01675
1.03569
1.04884
1.05099
0.990148
0.970802
0.946918
0.923935
0.908508
0.906414
0.916419
0.930748
0.942688
0.950259
0.954213
0.955964
0.957414
0.961225
0.969679
0.981353
0.990658
0.99286
0.98836
0.982134
0.978902
0.979371
0.981784
0.983598
0.981812
0.995074
0.991418
0.988673
0.983374
0.976605
0.972412
0.97441
0.984155
1.00023
1.01853
1.03444
1.04513
1.0502
1.05107
1.04936
1.04518
1.03798
1.02827
1.01713
1.00568
0.994538
0.987338
0.989121
0.995343
1.00035
1.00471
1.01049
1.01623
1.01939
1.01809
1.0124
1.00488
1.00118
1.00402
1.00702
1.00307
0.992427
0.980061
0.970122
0.963301
0.9595
0.960518
0.966643
0.975198
0.987262
1.00449
1.02221
1.03553
1.0422
1.04157
0.993211
0.982658
0.97153
0.962112
0.954276
0.947941
0.945614
0.949206
0.955472
0.959334
0.959674
0.959037
0.961736
0.970633
0.982977
0.993566
1.00007
1.00187
0.996771
0.982646
0.962753
0.949979
0.953914
0.966548
0.977796
1.00602
1.00673
1.00667
1.01061
1.01675
1.01946
1.01691
1.01269
1.01081
1.01153
1.01305
1.01389
1.01276
1.00906
1.00394
0.998182
0.990595
0.981719
0.974148
0.969363
0.967167
0.965226
0.96011
0.951218
0.942551
0.99678
1.00082
1.00816
1.01642
1.0279
1.0436
1.06028
1.07251
1.07585
1.06999
1.05971
1.05154
1.04808
1.04541
1.03844
1.02721
1.01563
1.0074
1.00572
1.01355
1.02961
1.04841
1.06545
1.07861
1.0862
1.00143
0.998316
0.992708
0.986364
0.980391
0.97569
0.97232
0.9695
0.966098
0.960788
0.952874
0.943498
0.935275
0.930204
0.92912
0.932954
0.94183
0.952935
0.961295
0.962949
0.957543
0.947933
0.938482
0.934427
0.938666
1.00915
1.01728
1.02131
1.01937
1.01096
0.99906
0.989535
0.987499
0.994951
1.00961
1.02542
1.03665
1.04081
1.03741
1.02751
1.01533
1.00694
1.0053
1.00862
1.01282
1.01524
1.01546
1.01231
1.00536
